1000111110000000000000
0100011111111110000000
0010001110001111101110
0001000110000111101111
1000100001111110000000
1100010000001111101110
1110001000000111101111
1111000100000000000000
1111000010000000000000
0100100001000001100000
0100100000100001111100
0100100000010001101110
0110110000001001101111
0111111000000100100110
0111111000000010000000
0011011001111001000110
0011011001111100100000
0000000000100000010000
0011011000111000001010
0011011000111101000100
0011011000011101001010
0001001000001000000001